0
0
0
0
0
0
0
0
0
0
0
1.23671e+37
1.01794e+38
2.82812e+37
7.3475e+37
1.95214e+36
5.15137e+34
-1.08782e+33
0
0
0
0
0
0
0
0
0
0
0
0
0
0
-5.12384e+35
-7.6866e+35
1.89358e+36
6.70666e+37
3.08534e+36
-5.40181e+34
-3.11996e+33
8.82812e+33
3.15436e+32
0
0
0
0
0
0
0
0
0
0
0
0
-1.0755e+37
-1.04013e+37
5.04715e+35
1.14518e+37
-1.09862e+35
2.35406e+35
-4.92854e+34
-7.0792e+34
2.21613e+34
4.19395e+34
2.64728e+33
2.64533e+33
0
0
0
0
0
0
0
0
0
8.12252e+35
8.85946e+35
8.94885e+35
7.41488e+34
1.8975e+35
-6.96208e+34
-1.94324e+35
-1.91947e+35
-1.22346e+35
-1.123e+35
-5.80661e+32
-5.80636e+32
-5.80611e+32
-5.80586e+32
-5.80561e+32
-5.80535e+32
-5.8051e+32
-5.80484e+32
-5.80459e+32
-5.80433e+32
-5.80407e+32
-5.38891e+36
-5.38891e+36
6.91809e+35
6.91811e+35
1.44954e+36
1.44954e+36
-1.07518e+35
-1.07517e+35
-2.32244e+34
-2.32242e+34
3.19361e+34
3.19361e+34
0
0
0
0
0
0
0
0
0
-1.13173e+37
-1.13173e+37
-6.99658e+35
-6.99658e+35
-9.56617e+34
-9.56617e+34
-5.60734e+34
-5.60734e+34
-1.43739e+35
-1.43739e+35
6.21395e+34
6.21395e+34
-4.85823e+32
-4.85823e+32
-4.85823e+32
-4.85823e+32
-4.85823e+32
-4.85823e+32
-4.85823e+32
-4.85823e+32
-4.85823e+32
-8.9575e+36
-8.9575e+36
2.7368e+39
2.73679e+39
3.19155e+39
3.19157e+39
3.15308e+39
3.15244e+39
2.98377e+39
2.98267e+39
2.81286e+39
2.79926e+39
2.62574e+39
2.61925e+39
2.48608e+39
2.45979e+39
2.35562e+39
2.30123e+39
2.20362e+39
2.13949e+39
2.06525e+39
-9.42475e+36
-9.42475e+36
2.45838e+38
2.45838e+38
3.13503e+37
3.13499e+37
7.12636e+37
7.12648e+37
1.18896e+38
1.18967e+38
1.7175e+38
1.71737e+38
2.35672e+38
2.35658e+38
2.95946e+38
2.95457e+38
3.62365e+38
3.61673e+38
4.36783e+38
4.36009e+38
5.12982e+38
0
0
0
0
0
0
0
0
0
0
0
0
0
0
0
0
0
0
0
0
0
0
0
0
0
0
0
0
0
0
0
0
0
0
0
0
0
0
0
0
0
0
0
0
0
0
0
0
0
0
0
0
0
0
0
0
0
0
0
0
0
0
0
0
0
0
0
0
0
0
0
0
0
0
0
0
0
0
0
0
0
0
0
0
0
0
0
0
0
0
0
0
0
0
0
0
0
0
0
0
0
0
0
0
0
0
0
0
0
0
0
0
0
0
0
0
0
0
0
0
0
0
0
0
0
0
0
0
0
0
0
0
0
0
0
0
0
0
0
0
0
0
0
0
0
0
0
0
0
0
0
0
0
0
0
0
0
0
0
0
0
0
0
0
0
0
0
0
0
0
0
0
0
0
0
0
0
0
0
0
0
0
0
0
0
0
0
0
0
0
0
0
0
0
0
0
0
0
0
0
0
0
0
0
0
0
0
0
0
0
0
0
0
0
0
0
0
0
0
0
0
0
0
0
0
0
0
0
0
0
0
0
0
0
0
0
0
0
0
0
0
0
0
0
0
0
0
0
0
0
0
0
0
0
0
0
0
0
0
0
0
0
0
0
0
0
0
0
0
0
0
0
0
0
0
0
0
0
0
0
0
0
0
0
0
0
0
0
0
0
0
0
0
0
0
0
0
0
0
0
0
0
0
0
0
0
0
0
0
0
0
0
0
0
0
0
0
0
0
0
0
0
0
0
0
0
0
0
0
0
0
0
0
0
0
0
0
0
0
0
0
0
0
0
0
0
0
0
0
0
0
0
0
0
0
0
0
0
0
0
0
0
0
0
0
0
0
0
0
0
0
0
0
0
0
0
0
0
0
0
0
0
0
0
0
0
0
0
0
0
0
0
0
0
0
0
0
0
0
0
0
0
0
0
0
0
0
0
0
0
0
0
0
0
0
0
0
0
0
0
0
0
0
0
0
0
0
0
0
0
0
0
0
0
0
0
0
0
0
0
0
0
0
0
0
0
0
0
0
0
0
0
0
0
0
0
0
0
0
0
0
0
0
0
0
0
0
0
0
0
0
0
0
0
0
0
0
0
0
0
0
0
0
0
0
0
0
0
0
0
0
0
0
0
0
0
0
0
0
0
0
0
0
0
0
0
0
0
0
0
0
0
0
0
0
0
0
0
0
0
0
0
0
0
0
0
0
0
0
0
0
0
0
0
0
0
0
0
0
0
0
0
0
0
0
0
0
0
0
0
0
0
0
0
0
0
0
0
0
0
0
0
0
0
0
0
0
0
0
0
0
0
0
0
0
0
0
0
0
0
0
0
0
0
0
0
0
0
0
0
0
0
0
0
0
0
0
0
0
0
0
0
0
0
0
0
0
0
0
0
0
0
0
0
0
0
0
0
0
0
0
0
0
0
0
0
0
0
0
0
0
0
0
0
0
0
0
0
0
0
0
0
0
0
0
0
0
0
0
0
0
0
0
0
0
0
0
0
0
0
0
0
0
0
0
0
0
0
0
